network unknown {
}
variable X1 {
    type discrete [ 20 ] { 0.0, 1.0, 2.0, 3.0, 4.0, 5.0, 6.0, 7.0, 8.0, 9.0, 10.0, 11.0, 12.0, 13.0, 14.0, 15.0, 16.0, 17.0, 18.0, 19.0 };
}
variable X10 {
    type discrete [ 20 ] { 0.0, 1.0, 2.0, 3.0, 4.0, 5.0, 6.0, 7.0, 8.0, 9.0, 10.0, 11.0, 12.0, 13.0, 14.0, 15.0, 16.0, 17.0, 18.0, 19.0 };
}
variable X11 {
    type discrete [ 20 ] { 0.0, 1.0, 2.0, 3.0, 4.0, 5.0, 6.0, 7.0, 8.0, 9.0, 10.0, 11.0, 12.0, 13.0, 14.0, 15.0, 16.0, 17.0, 18.0, 19.0 };
}
variable X12 {
    type discrete [ 20 ] { 0.0, 1.0, 2.0, 3.0, 4.0, 5.0, 6.0, 7.0, 8.0, 9.0, 10.0, 11.0, 12.0, 13.0, 14.0, 15.0, 16.0, 17.0, 18.0, 19.0 };
}
variable X13 {
    type discrete [ 20 ] { 0.0, 1.0, 2.0, 3.0, 4.0, 5.0, 6.0, 7.0, 8.0, 9.0, 10.0, 11.0, 12.0, 13.0, 14.0, 15.0, 16.0, 17.0, 18.0, 19.0 };
}
variable X14 {
    type discrete [ 20 ] { 0.0, 1.0, 2.0, 3.0, 4.0, 5.0, 6.0, 7.0, 8.0, 9.0, 10.0, 11.0, 12.0, 13.0, 14.0, 15.0, 16.0, 17.0, 18.0, 19.0 };
}
variable X16 {
    type discrete [ 20 ] { 0.0, 1.0, 2.0, 3.0, 4.0, 5.0, 6.0, 7.0, 8.0, 9.0, 10.0, 11.0, 12.0, 13.0, 14.0, 15.0, 16.0, 17.0, 18.0, 19.0 };
}
variable X17 {
    type discrete [ 20 ] { 0.0, 1.0, 2.0, 3.0, 4.0, 5.0, 6.0, 7.0, 8.0, 9.0, 10.0, 11.0, 12.0, 13.0, 14.0, 15.0, 16.0, 17.0, 18.0, 19.0 };
}
variable X18 {
    type discrete [ 20 ] { 0.0, 1.0, 2.0, 3.0, 4.0, 5.0, 6.0, 7.0, 8.0, 9.0, 10.0, 11.0, 12.0, 13.0, 14.0, 15.0, 16.0, 17.0, 18.0, 19.0 };
}
variable X19 {
    type discrete [ 20 ] { 0.0, 1.0, 2.0, 3.0, 4.0, 5.0, 6.0, 7.0, 8.0, 9.0, 10.0, 11.0, 12.0, 13.0, 14.0, 15.0, 16.0, 17.0, 18.0, 19.0 };
}
variable X2 {
    type discrete [ 20 ] { 0.0, 1.0, 2.0, 3.0, 4.0, 5.0, 6.0, 7.0, 8.0, 9.0, 10.0, 11.0, 12.0, 13.0, 14.0, 15.0, 16.0, 17.0, 18.0, 19.0 };
}
variable X21 {
    type discrete [ 20 ] { 0.0, 1.0, 2.0, 3.0, 4.0, 5.0, 6.0, 7.0, 8.0, 9.0, 10.0, 11.0, 12.0, 13.0, 14.0, 15.0, 16.0, 17.0, 18.0, 19.0 };
}
variable X22 {
    type discrete [ 20 ] { 0.0, 1.0, 2.0, 3.0, 4.0, 5.0, 6.0, 7.0, 8.0, 9.0, 10.0, 11.0, 12.0, 13.0, 14.0, 15.0, 16.0, 17.0, 18.0, 19.0 };
}
variable X23 {
    type discrete [ 20 ] { 0.0, 1.0, 2.0, 3.0, 4.0, 5.0, 6.0, 7.0, 8.0, 9.0, 10.0, 11.0, 12.0, 13.0, 14.0, 15.0, 16.0, 17.0, 18.0, 19.0 };
}
variable X25 {
    type discrete [ 20 ] { 0.0, 1.0, 2.0, 3.0, 4.0, 5.0, 6.0, 7.0, 8.0, 9.0, 10.0, 11.0, 12.0, 13.0, 14.0, 15.0, 16.0, 17.0, 18.0, 19.0 };
}
variable X26 {
    type discrete [ 20 ] { 0.0, 1.0, 2.0, 3.0, 4.0, 5.0, 6.0, 7.0, 8.0, 9.0, 10.0, 11.0, 12.0, 13.0, 14.0, 15.0, 16.0, 17.0, 18.0, 19.0 };
}
variable X27 {
    type discrete [ 20 ] { 0.0, 1.0, 2.0, 3.0, 4.0, 5.0, 6.0, 7.0, 8.0, 9.0, 10.0, 11.0, 12.0, 13.0, 14.0, 15.0, 16.0, 17.0, 18.0, 19.0 };
}
variable X28 {
    type discrete [ 20 ] { 0.0, 1.0, 2.0, 3.0, 4.0, 5.0, 6.0, 7.0, 8.0, 9.0, 10.0, 11.0, 12.0, 13.0, 14.0, 15.0, 16.0, 17.0, 18.0, 19.0 };
}
variable X31 {
    type discrete [ 20 ] { 0.0, 1.0, 2.0, 3.0, 4.0, 5.0, 6.0, 7.0, 8.0, 9.0, 10.0, 11.0, 12.0, 13.0, 14.0, 15.0, 16.0, 17.0, 18.0, 19.0 };
}
variable X32 {
    type discrete [ 20 ] { 0.0, 1.0, 2.0, 3.0, 4.0, 5.0, 6.0, 7.0, 8.0, 9.0, 10.0, 11.0, 12.0, 13.0, 14.0, 15.0, 16.0, 17.0, 18.0, 19.0 };
}
variable X33 {
    type discrete [ 20 ] { 0.0, 1.0, 2.0, 3.0, 4.0, 5.0, 6.0, 7.0, 8.0, 9.0, 10.0, 11.0, 12.0, 13.0, 14.0, 15.0, 16.0, 17.0, 18.0, 19.0 };
}
variable X34 {
    type discrete [ 20 ] { 0.0, 1.0, 2.0, 3.0, 4.0, 5.0, 6.0, 7.0, 8.0, 9.0, 10.0, 11.0, 12.0, 13.0, 14.0, 15.0, 16.0, 17.0, 18.0, 19.0 };
}
variable X35 {
    type discrete [ 20 ] { 0.0, 1.0, 2.0, 3.0, 4.0, 5.0, 6.0, 7.0, 8.0, 9.0, 10.0, 11.0, 12.0, 13.0, 14.0, 15.0, 16.0, 17.0, 18.0, 19.0 };
}
variable X36 {
    type discrete [ 20 ] { 0.0, 1.0, 2.0, 3.0, 4.0, 5.0, 6.0, 7.0, 8.0, 9.0, 10.0, 11.0, 12.0, 13.0, 14.0, 15.0, 16.0, 17.0, 18.0, 19.0 };
}
variable X37 {
    type discrete [ 20 ] { 0.0, 1.0, 2.0, 3.0, 4.0, 5.0, 6.0, 7.0, 8.0, 9.0, 10.0, 11.0, 12.0, 13.0, 14.0, 15.0, 16.0, 17.0, 18.0, 19.0 };
}
variable X38 {
    type discrete [ 20 ] { 0.0, 1.0, 2.0, 3.0, 4.0, 5.0, 6.0, 7.0, 8.0, 9.0, 10.0, 11.0, 12.0, 13.0, 14.0, 15.0, 16.0, 17.0, 18.0, 19.0 };
}
variable X39 {
    type discrete [ 20 ] { 0.0, 1.0, 2.0, 3.0, 4.0, 5.0, 6.0, 7.0, 8.0, 9.0, 10.0, 11.0, 12.0, 13.0, 14.0, 15.0, 16.0, 17.0, 18.0, 19.0 };
}
variable X4 {
    type discrete [ 20 ] { 0.0, 1.0, 2.0, 3.0, 4.0, 5.0, 6.0, 7.0, 8.0, 9.0, 10.0, 11.0, 12.0, 13.0, 14.0, 15.0, 16.0, 17.0, 18.0, 19.0 };
}
variable X40 {
    type discrete [ 20 ] { 0.0, 1.0, 2.0, 3.0, 4.0, 5.0, 6.0, 7.0, 8.0, 9.0, 10.0, 11.0, 12.0, 13.0, 14.0, 15.0, 16.0, 17.0, 18.0, 19.0 };
}
variable X41 {
    type discrete [ 20 ] { 0.0, 1.0, 2.0, 3.0, 4.0, 5.0, 6.0, 7.0, 8.0, 9.0, 10.0, 11.0, 12.0, 13.0, 14.0, 15.0, 16.0, 17.0, 18.0, 19.0 };
}
variable X42 {
    type discrete [ 20 ] { 0.0, 1.0, 2.0, 3.0, 4.0, 5.0, 6.0, 7.0, 8.0, 9.0, 10.0, 11.0, 12.0, 13.0, 14.0, 15.0, 16.0, 17.0, 18.0, 19.0 };
}
variable X45 {
    type discrete [ 20 ] { 0.0, 1.0, 2.0, 3.0, 4.0, 5.0, 6.0, 7.0, 8.0, 9.0, 10.0, 11.0, 12.0, 13.0, 14.0, 15.0, 16.0, 17.0, 18.0, 19.0 };
}
variable X46 {
    type discrete [ 20 ] { 0.0, 1.0, 2.0, 3.0, 4.0, 5.0, 6.0, 7.0, 8.0, 9.0, 10.0, 11.0, 12.0, 13.0, 14.0, 15.0, 16.0, 17.0, 18.0, 19.0 };
}
variable X47 {
    type discrete [ 20 ] { 0.0, 1.0, 2.0, 3.0, 4.0, 5.0, 6.0, 7.0, 8.0, 9.0, 10.0, 11.0, 12.0, 13.0, 14.0, 15.0, 16.0, 17.0, 18.0, 19.0 };
}
variable X48 {
    type discrete [ 20 ] { 0.0, 1.0, 2.0, 3.0, 4.0, 5.0, 6.0, 7.0, 8.0, 9.0, 10.0, 11.0, 12.0, 13.0, 14.0, 15.0, 16.0, 17.0, 18.0, 19.0 };
}
variable X49 {
    type discrete [ 20 ] { 0.0, 1.0, 2.0, 3.0, 4.0, 5.0, 6.0, 7.0, 8.0, 9.0, 10.0, 11.0, 12.0, 13.0, 14.0, 15.0, 16.0, 17.0, 18.0, 19.0 };
}
variable X50 {
    type discrete [ 20 ] { 0.0, 1.0, 2.0, 3.0, 4.0, 5.0, 6.0, 7.0, 8.0, 9.0, 10.0, 11.0, 12.0, 13.0, 14.0, 15.0, 16.0, 17.0, 18.0, 19.0 };
}
variable X51 {
    type discrete [ 20 ] { 0.0, 1.0, 2.0, 3.0, 4.0, 5.0, 6.0, 7.0, 8.0, 9.0, 10.0, 11.0, 12.0, 13.0, 14.0, 15.0, 16.0, 17.0, 18.0, 19.0 };
}
variable X52 {
    type discrete [ 20 ] { 0.0, 1.0, 2.0, 3.0, 4.0, 5.0, 6.0, 7.0, 8.0, 9.0, 10.0, 11.0, 12.0, 13.0, 14.0, 15.0, 16.0, 17.0, 18.0, 19.0 };
}
variable X53 {
    type discrete [ 20 ] { 0.0, 1.0, 2.0, 3.0, 4.0, 5.0, 6.0, 7.0, 8.0, 9.0, 10.0, 11.0, 12.0, 13.0, 14.0, 15.0, 16.0, 17.0, 18.0, 19.0 };
}
variable X54 {
    type discrete [ 20 ] { 0.0, 1.0, 2.0, 3.0, 4.0, 5.0, 6.0, 7.0, 8.0, 9.0, 10.0, 11.0, 12.0, 13.0, 14.0, 15.0, 16.0, 17.0, 18.0, 19.0 };
}
variable X55 {
    type discrete [ 20 ] { 0.0, 1.0, 2.0, 3.0, 4.0, 5.0, 6.0, 7.0, 8.0, 9.0, 10.0, 11.0, 12.0, 13.0, 14.0, 15.0, 16.0, 17.0, 18.0, 19.0 };
}
variable X56 {
    type discrete [ 20 ] { 0.0, 1.0, 2.0, 3.0, 4.0, 5.0, 6.0, 7.0, 8.0, 9.0, 10.0, 11.0, 12.0, 13.0, 14.0, 15.0, 16.0, 17.0, 18.0, 19.0 };
}
variable X57 {
    type discrete [ 20 ] { 0.0, 1.0, 2.0, 3.0, 4.0, 5.0, 6.0, 7.0, 8.0, 9.0, 10.0, 11.0, 12.0, 13.0, 14.0, 15.0, 16.0, 17.0, 18.0, 19.0 };
}
variable X58 {
    type discrete [ 20 ] { 0.0, 1.0, 2.0, 3.0, 4.0, 5.0, 6.0, 7.0, 8.0, 9.0, 10.0, 11.0, 12.0, 13.0, 14.0, 15.0, 16.0, 17.0, 18.0, 19.0 };
}
variable X60 {
    type discrete [ 20 ] { 0.0, 1.0, 2.0, 3.0, 4.0, 5.0, 6.0, 7.0, 8.0, 9.0, 10.0, 11.0, 12.0, 13.0, 14.0, 15.0, 16.0, 17.0, 18.0, 19.0 };
}
variable X63 {
    type discrete [ 20 ] { 0.0, 1.0, 2.0, 3.0, 4.0, 5.0, 6.0, 7.0, 8.0, 9.0, 10.0, 11.0, 12.0, 13.0, 14.0, 15.0, 16.0, 17.0, 18.0, 19.0 };
}
variable X64 {
    type discrete [ 20 ] { 0.0, 1.0, 2.0, 3.0, 4.0, 5.0, 6.0, 7.0, 8.0, 9.0, 10.0, 11.0, 12.0, 13.0, 14.0, 15.0, 16.0, 17.0, 18.0, 19.0 };
}
variable X7 {
    type discrete [ 20 ] { 0.0, 1.0, 2.0, 3.0, 4.0, 5.0, 6.0, 7.0, 8.0, 9.0, 10.0, 11.0, 12.0, 13.0, 14.0, 15.0, 16.0, 17.0, 18.0, 19.0 };
}
variable X8 {
    type discrete [ 20 ] { 0.0, 1.0, 2.0, 3.0, 4.0, 5.0, 6.0, 7.0, 8.0, 9.0, 10.0, 11.0, 12.0, 13.0, 14.0, 15.0, 16.0, 17.0, 18.0, 19.0 };
}
variable X9 {
    type discrete [ 20 ] { 0.0, 1.0, 2.0, 3.0, 4.0, 5.0, 6.0, 7.0, 8.0, 9.0, 10.0, 11.0, 12.0, 13.0, 14.0, 15.0, 16.0, 17.0, 18.0, 19.0 };
}
variable class {
    type discrete [ 2 ] { 0, 1 };
}
probability ( X1 | X11 ) {
    ( 0.0 ) 0.7516877637130799, 0.22848101265822773, 0.000632911392405063, 0.000632911392405063, 0.000632911392405063, 0.000632911392405063, 0.009071729957805903, 0.000632911392405063, 0.000632911392405063, 0.000632911392405063, 0.000632911392405063, 0.000632911392405063, 0.000632911392405063, 0.000632911392405063, 0.000632911392405063, 0.000632911392405063, 0.000632911392405063, 0.000632911392405063, 0.000632911392405063, 0.000632911392405063;
    ( 1.0 ) 0.15593607305936064, 0.5121004566210043, 0.2746575342465752, 0.0372146118721461, 0.0006849315068493146, 0.009817351598173511, 0.0006849315068493146, 0.0006849315068493146, 0.0006849315068493146, 0.0006849315068493146, 0.0006849315068493146, 0.0006849315068493146, 0.0006849315068493146, 0.0006849315068493146, 0.0006849315068493146, 0.0006849315068493146, 0.0006849315068493146, 0.0006849315068493146, 0.0006849315068493146, 0.0006849315068493146;
    ( 2.0 ) 0.009907834101382483, 0.07442396313364051, 0.38778801843317956, 0.4246543778801841, 0.08364055299539165, 0.009907834101382483, 0.000691244239631336, 0.000691244239631336, 0.000691244239631336, 0.000691244239631336, 0.000691244239631336, 0.000691244239631336, 0.000691244239631336, 0.000691244239631336, 0.000691244239631336, 0.000691244239631336, 0.000691244239631336, 0.000691244239631336, 0.000691244239631336, 0.000691244239631336;
    ( 3.0 ) 0.02685589519650654, 0.04432314410480348, 0.08799126637554582, 0.19279475982532743, 0.33253275109170294, 0.26266375545851517, 0.03558951965065501, 0.0006550218340611351, 0.0006550218340611351, 0.009388646288209603, 0.0006550218340611351, 0.0006550218340611351, 0.0006550218340611351, 0.0006550218340611351, 0.0006550218340611351, 0.0006550218340611351, 0.0006550218340611351, 0.0006550218340611351, 0.0006550218340611351, 0.0006550218340611351;
    ( 4.0 ) 0.0006787330316742079, 0.009728506787330313, 0.03687782805429863, 0.12737556561085966, 0.19977375565610853, 0.22692307692307684, 0.2902714932126696, 0.09117647058823525, 0.0006787330316742079, 0.009728506787330313, 0.0006787330316742079, 0.0006787330316742079, 0.0006787330316742079, 0.0006787330316742079, 0.0006787330316742079, 0.0006787330316742079, 0.0006787330316742079, 0.0006787330316742079, 0.0006787330316742079, 0.0006787330316742079;
    ( 5.0 ) 0.008921161825726137, 0.03381742738589211, 0.10020746887966801, 0.09190871369294602, 0.05041493775933608, 0.13340248962655596, 0.19979253112033188, 0.1831950207468879, 0.1914937759336099, 0.0006224066390041491, 0.0006224066390041491, 0.0006224066390041491, 0.0006224066390041491, 0.0006224066390041491, 0.0006224066390041491, 0.0006224066390041491, 0.0006224066390041491, 0.0006224066390041491, 0.0006224066390041491, 0.0006224066390041491;
    ( 6.0 ) 0.017811158798283256, 0.0006437768240343345, 0.03497854077253218, 0.026394849785407716, 0.12081545064377677, 0.08648068669527893, 0.12081545064377677, 0.16373390557939907, 0.2753218884120171, 0.13798283261802569, 0.009227467811158794, 0.0006437768240343345, 0.0006437768240343345, 0.0006437768240343345, 0.0006437768240343345, 0.0006437768240343345, 0.0006437768240343345, 0.0006437768240343345, 0.0006437768240343345, 0.0006437768240343345;
    ( 7.0 ) 0.009999999999999997, 0.019302325581395344, 0.028604651162790692, 0.03790697674418604, 0.028604651162790692, 0.05651162790697673, 0.10302325581395345, 0.12162790697674415, 0.1309302325581395, 0.19604651162790693, 0.2332558139534883, 0.028604651162790692, 0.000697674418604651, 0.000697674418604651, 0.000697674418604651, 0.000697674418604651, 0.000697674418604651, 0.000697674418604651, 0.000697674418604651, 0.000697674418604651;
    ( 8.0 ) 0.0006787330316742079, 0.009728506787330313, 0.01877828054298642, 0.054977375565610845, 0.01877828054298642, 0.036877828054298636, 0.036877828054298636, 0.154524886877828, 0.09117647058823526, 0.1364253393665158, 0.19072398190045242, 0.21787330316742076, 0.02782805429864253, 0.0006787330316742079, 0.0006787330316742079, 0.0006787330316742079, 0.0006787330316742079, 0.0006787330316742079, 0.0006787330316742079, 0.0006787330316742079;
    ( 9.0 ) 0.009388646288209604, 0.009388646288209604, 0.0006550218340611351, 0.018122270742358077, 0.018122270742358077, 0.035589519650655016, 0.04432314410480349, 0.08799126637554583, 0.10545851528384276, 0.1491266375545851, 0.14039301310043664, 0.16659388646288203, 0.184061135371179, 0.018122270742358077, 0.0006550218340611351, 0.009388646288209604, 0.0006550218340611351, 0.0006550218340611351, 0.0006550218340611351, 0.0006550218340611351;
    ( 10.0 ) 0.0006276150627615062, 0.0006276150627615062, 0.034100418410041834, 0.017364016736401672, 0.034100418410041834, 0.04246861924686192, 0.025732217573221753, 0.025732217573221753, 0.050836820083682, 0.07594142259414223, 0.13451882845188282, 0.13451882845188282, 0.20983263598326354, 0.20146443514644347, 0.0006276150627615062, 0.0006276150627615062, 0.0006276150627615062, 0.008995815899581587, 0.0006276150627615062, 0.0006276150627615062;
    ( 11.0 ) 0.00863453815261044, 0.02469879518072289, 0.0006024096385542168, 0.00863453815261044, 0.03273092369477911, 0.016666666666666666, 0.03273092369477911, 0.03273092369477911, 0.02469879518072289, 0.03273092369477911, 0.08092369477911646, 0.17730923694779113, 0.16927710843373492, 0.18534136546184737, 0.16124497991967868, 0.00863453815261044, 0.0006024096385542168, 0.0006024096385542168, 0.0006024096385542168, 0.0006024096385542168;
    ( 12.0 ) 0.0007109004739336491, 0.010189573459715637, 0.0007109004739336491, 0.0007109004739336491, 0.01966824644549763, 0.01966824644549763, 0.01966824644549763, 0.0481042654028436, 0.03862559241706161, 0.0481042654028436, 0.06706161137440758, 0.16184834123222747, 0.15236966824644546, 0.15236966824644546, 0.1997630331753554, 0.0481042654028436, 0.010189573459715637, 0.0007109004739336491, 0.0007109004739336491, 0.0007109004739336491;
    ( 13.0 ) 0.0006382978723404254, 0.0006382978723404254, 0.009148936170212764, 0.009148936170212764, 0.017659574468085106, 0.026170212765957445, 0.009148936170212764, 0.026170212765957445, 0.026170212765957445, 0.060212765957446804, 0.03468085106382979, 0.051702127659574465, 0.16234042553191486, 0.1282978723404255, 0.16234042553191486, 0.23893617021276592, 0.03468085106382979, 0.0006382978723404254, 0.0006382978723404254, 0.0006382978723404254;
    ( 14.0 ) 0.0006122448979591835, 0.008775510204081632, 0.008775510204081632, 0.0006122448979591835, 0.0006122448979591835, 0.01693877551020408, 0.033265306122448976, 0.008775510204081632, 0.01693877551020408, 0.049591836734693875, 0.02510204081632653, 0.02510204081632653, 0.11489795918367345, 0.1557142857142857, 0.1720408163265306, 0.1720408163265306, 0.16387755102040813, 0.01693877551020408, 0.008775510204081632, 0.0006122448979591835;
    ( 15.0 ) 0.000684931506849315, 0.000684931506849315, 0.000684931506849315, 0.000684931506849315, 0.000684931506849315, 0.018949771689497717, 0.009817351598173514, 0.000684931506849315, 0.037214611872146114, 0.037214611872146114, 0.028082191780821917, 0.037214611872146114, 0.018949771689497717, 0.0828767123287671, 0.12853881278538812, 0.1650684931506849, 0.2837899543378995, 0.1468036529680365, 0.000684931506849315, 0.000684931506849315;
    ( 16.0 ) 0.0006607929515418501, 0.0006607929515418501, 0.0006607929515418501, 0.0006607929515418501, 0.009471365638766518, 0.0006607929515418501, 0.01828193832599119, 0.009471365638766518, 0.0006607929515418501, 0.01828193832599119, 0.009471365638766518, 0.009471365638766518, 0.03590308370044053, 0.044713656387665196, 0.07114537444933919, 0.19449339207048455, 0.22973568281938322, 0.31784140969162994, 0.02709251101321586, 0.0006607929515418501;
    ( 17.0 ) 0.0006382978723404255, 0.0006382978723404255, 0.0006382978723404255, 0.009148936170212766, 0.0006382978723404255, 0.009148936170212766, 0.0006382978723404255, 0.0006382978723404255, 0.02617021276595745, 0.0006382978723404255, 0.017659574468085106, 0.02617021276595745, 0.009148936170212766, 0.009148936170212766, 0.043191489361702126, 0.06872340425531914, 0.1453191489361702, 0.31553191489361704, 0.3070212765957447, 0.009148936170212766;
    ( 18.0 ) 0.0006276150627615063, 0.0006276150627615063, 0.0006276150627615063, 0.0006276150627615063, 0.0006276150627615063, 0.0006276150627615063, 0.0006276150627615063, 0.0006276150627615063, 0.0006276150627615063, 0.0006276150627615063, 0.0006276150627615063, 0.0006276150627615063, 0.017364016736401675, 0.0006276150627615063, 0.017364016736401675, 0.05083682008368201, 0.07594142259414226, 0.12615062761506277, 0.4859832635983264, 0.21820083682008368;
    ( 19.0 ) 0.0006172839506172839, 0.0006172839506172839, 0.0006172839506172839, 0.0006172839506172839, 0.0006172839506172839, 0.0006172839506172839, 0.0006172839506172839, 0.0006172839506172839, 0.0006172839506172839, 0.0006172839506172839, 0.0006172839506172839, 0.0006172839506172839, 0.0006172839506172839, 0.008847736625514403, 0.0006172839506172839, 0.0006172839506172839, 0.0006172839506172839, 0.03353909465020576, 0.1323045267489712, 0.8154320987654321;

}
probability ( X10 | X2 ) {
    ( 0.0 ) 0.0006493506493506494, 0.0006493506493506494, 0.0006493506493506494, 0.0006493506493506494, 0.0006493506493506494, 0.0006493506493506494, 0.0006493506493506494, 0.0006493506493506494, 0.0006493506493506494, 0.0006493506493506494, 0.009307359307359308, 0.0006493506493506494, 0.009307359307359308, 0.026623376623376625, 0.009307359307359308, 0.03528138528138528, 0.06991341991341991, 0.06991341991341991, 0.16515151515151513, 0.5980519480519481;
    ( 1.0 ) 0.0006437768240343348, 0.0006437768240343348, 0.0006437768240343348, 0.009227467811158798, 0.0006437768240343348, 0.0006437768240343348, 0.0006437768240343348, 0.0006437768240343348, 0.017811158798283263, 0.0006437768240343348, 0.0006437768240343348, 0.009227467811158798, 0.026394849785407726, 0.026394849785407726, 0.009227467811158798, 0.026394849785407726, 0.017811158798283263, 0.13798283261802574, 0.3697424892703863, 0.3439914163090129;
    ( 2.0 ) 0.0006666666666666666, 0.0006666666666666666, 0.0006666666666666666, 0.009555555555555555, 0.0006666666666666666, 0.0006666666666666666, 0.0006666666666666666, 0.009555555555555555, 0.0006666666666666666, 0.0006666666666666666, 0.009555555555555555, 0.0006666666666666666, 0.036222222222222225, 0.027333333333333334, 0.027333333333333334, 0.036222222222222225, 0.09844444444444443, 0.3384444444444445, 0.3473333333333334, 0.054;
    ( 3.0 ) 0.0006550218340611353, 0.0006550218340611353, 0.0006550218340611353, 0.0006550218340611353, 0.0006550218340611353, 0.0006550218340611353, 0.0006550218340611353, 0.0006550218340611353, 0.009388646288209606, 0.009388646288209606, 0.009388646288209606, 0.009388646288209606, 0.009388646288209606, 0.0006550218340611353, 0.04432314410480349, 0.14039301310043667, 0.3936681222707423, 0.2626637554585152, 0.10545851528384277, 0.0006550218340611353;
    ( 4.0 ) 0.0006382978723404254, 0.0006382978723404254, 0.0006382978723404254, 0.0006382978723404254, 0.0006382978723404254, 0.0006382978723404254, 0.0006382978723404254, 0.009148936170212764, 0.0006382978723404254, 0.026170212765957445, 0.017659574468085106, 0.0006382978723404254, 0.026170212765957445, 0.06872340425531913, 0.15382978723404253, 0.34957446808510634, 0.19638297872340424, 0.11127659574468084, 0.03468085106382979, 0.0006382978723404254;
    ( 5.0 ) 0.0006493506493506492, 0.0006493506493506492, 0.0006493506493506492, 0.017965367965367966, 0.0006493506493506492, 0.0006493506493506492, 0.0006493506493506492, 0.009307359307359306, 0.009307359307359306, 0.009307359307359306, 0.0006493506493506492, 0.026623376623376622, 0.009307359307359306, 0.07857142857142856, 0.30367965367965366, 0.295021645021645, 0.18246753246753245, 0.04393939393939394, 0.009307359307359306, 0.0006493506493506492;
    ( 6.0 ) 0.000678733031674208, 0.000678733031674208, 0.009728506787330315, 0.000678733031674208, 0.000678733031674208, 0.000678733031674208, 0.000678733031674208, 0.009728506787330315, 0.018778280542986425, 0.000678733031674208, 0.009728506787330315, 0.018778280542986425, 0.2178733031674208, 0.27217194570135744, 0.29027149321266965, 0.1273755656108597, 0.018778280542986425, 0.000678733031674208, 0.000678733031674208, 0.000678733031674208;
    ( 7.0 ) 0.0007042253521126759, 0.0007042253521126759, 0.0007042253521126759, 0.0007042253521126759, 0.0007042253521126759, 0.0007042253521126759, 0.0007042253521126759, 0.019483568075117367, 0.019483568075117367, 0.0007042253521126759, 0.010093896713615021, 0.1321596244131455, 0.31995305164319243, 0.32934272300469475, 0.1321596244131455, 0.0007042253521126759, 0.02887323943661971, 0.0007042253521126759, 0.0007042253521126759, 0.0007042253521126759;
    ( 8.0 ) 0.009907834101382485, 0.0006912442396313362, 0.0006912442396313362, 0.009907834101382485, 0.0006912442396313362, 0.009907834101382485, 0.019124423963133637, 0.0006912442396313362, 0.019124423963133637, 0.03755760368663594, 0.10207373271889397, 0.3417050691244239, 0.30483870967741933, 0.12972350230414742, 0.009907834101382485, 0.0006912442396313362, 0.0006912442396313362, 0.0006912442396313362, 0.0006912442396313362, 0.0006912442396313362;
    ( 9.0 ) 0.0006912442396313362, 0.0006912442396313362, 0.0006912442396313362, 0.0006912442396313362, 0.028341013824884787, 0.0006912442396313362, 0.009907834101382485, 0.019124423963133637, 0.009907834101382485, 0.06520737327188939, 0.47073732718894, 0.3324884792626728, 0.046774193548387084, 0.009907834101382485, 0.0006912442396313362, 0.0006912442396313362, 0.0006912442396313362, 0.0006912442396313362, 0.0006912442396313362, 0.0006912442396313362;
    ( 10.0 ) 0.0006382978723404254, 0.0006382978723404254, 0.009148936170212764, 0.009148936170212764, 0.0006382978723404254, 0.017659574468085103, 0.02617021276595744, 0.04319148936170212, 0.17936170212765953, 0.3240425531914893, 0.20489361702127654, 0.1538297872340425, 0.02617021276595744, 0.0006382978723404254, 0.0006382978723404254, 0.0006382978723404254, 0.0006382978723404254, 0.0006382978723404254, 0.0006382978723404254, 0.0006382978723404254;
    ( 11.0 ) 0.0006493506493506491, 0.0006493506493506491, 0.0006493506493506491, 0.009307359307359304, 0.02662337662337662, 0.04393939393939393, 0.04393939393939393, 0.06991341991341989, 0.3642857142857142, 0.3296536796536796, 0.10454545454545451, 0.0006493506493506491, 0.0006493506493506491, 0.0006493506493506491, 0.0006493506493506491, 0.0006493506493506491, 0.0006493506493506491, 0.0006493506493506491, 0.0006493506493506491, 0.0006493506493506491;
    ( 12.0 ) 0.0006912442396313362, 0.009907834101382485, 0.009907834101382485, 0.028341013824884787, 0.028341013824884787, 0.019124423963133637, 0.12972350230414742, 0.35092165898617506, 0.26797235023041466, 0.12050691244239628, 0.028341013824884787, 0.0006912442396313362, 0.0006912442396313362, 0.0006912442396313362, 0.0006912442396313362, 0.0006912442396313362, 0.0006912442396313362, 0.0006912442396313362, 0.0006912442396313362, 0.0006912442396313362;
    ( 13.0 ) 0.018281938325991183, 0.02709251101321585, 0.018281938325991183, 0.009471365638766516, 0.06233480176211451, 0.07995594713656384, 0.3530837004405285, 0.3002202643171805, 0.10638766519823784, 0.018281938325991183, 0.00066079295154185, 0.00066079295154185, 0.00066079295154185, 0.00066079295154185, 0.00066079295154185, 0.00066079295154185, 0.00066079295154185, 0.00066079295154185, 0.00066079295154185, 0.00066079295154185;
    ( 14.0 ) 0.0005976095617529878, 0.0245019920318725, 0.016533864541832664, 0.04043824701195218, 0.09621513944223103, 0.31932270916334654, 0.39900398406374493, 0.0882470119521912, 0.008565737051792826, 0.0005976095617529878, 0.0005976095617529878, 0.0005976095617529878, 0.0005976095617529878, 0.0005976095617529878, 0.0005976095617529878, 0.0005976095617529878, 0.0005976095617529878, 0.0005976095617529878, 0.0005976095617529878, 0.0005976095617529878;
    ( 15.0 ) 0.008847736625514399, 0.041769547325102865, 0.08292181069958844, 0.04999999999999998, 0.28868312757201636, 0.42860082304526737, 0.09115226337448556, 0.0006172839506172837, 0.0006172839506172837, 0.0006172839506172837, 0.0006172839506172837, 0.0006172839506172837, 0.0006172839506172837, 0.0006172839506172837, 0.0006172839506172837, 0.0006172839506172837, 0.0006172839506172837, 0.0006172839506172837, 0.0006172839506172837, 0.0006172839506172837;
    ( 16.0 ) 0.009388646288209603, 0.04432314410480347, 0.05305676855895194, 0.46353711790392993, 0.3412663755458514, 0.07925764192139734, 0.000655021834061135, 0.000655021834061135, 0.000655021834061135, 0.000655021834061135, 0.000655021834061135, 0.000655021834061135, 0.000655021834061135, 0.000655021834061135, 0.000655021834061135, 0.000655021834061135, 0.000655021834061135, 0.000655021834061135, 0.000655021834061135, 0.000655021834061135;
    ( 17.0 ) 0.03590308370044051, 0.08876651982378851, 0.44999999999999984, 0.3618942731277532, 0.05352422907488985, 0.00066079295154185, 0.00066079295154185, 0.00066079295154185, 0.00066079295154185, 0.00066079295154185, 0.00066079295154185, 0.00066079295154185, 0.00066079295154185, 0.00066079295154185, 0.00066079295154185, 0.00066079295154185, 0.00066079295154185, 0.00066079295154185, 0.00066079295154185, 0.00066079295154185;
    ( 18.0 ) 0.02411764705882352, 0.6515686274509801, 0.2907843137254901, 0.02411764705882352, 0.0005882352941176468, 0.0005882352941176468, 0.0005882352941176468, 0.0005882352941176468, 0.0005882352941176468, 0.0005882352941176468, 0.0005882352941176468, 0.0005882352941176468, 0.0005882352941176468, 0.0005882352941176468, 0.0005882352941176468, 0.0005882352941176468, 0.0005882352941176468, 0.0005882352941176468, 0.0005882352941176468, 0.0005882352941176468;
    ( 19.0 ) 0.8276371308016874, 0.160970464135021, 0.000632911392405063, 0.000632911392405063, 0.000632911392405063, 0.000632911392405063, 0.000632911392405063, 0.000632911392405063, 0.000632911392405063, 0.000632911392405063, 0.000632911392405063, 0.000632911392405063, 0.000632911392405063, 0.000632911392405063, 0.000632911392405063, 0.000632911392405063, 0.000632911392405063, 0.000632911392405063, 0.000632911392405063, 0.000632911392405063;

}
probability ( X11 | X22 ) {
    ( 0.0 ) 0.705060728744939, 0.1868421052631578, 0.008704453441295543, 0.024898785425101204, 0.016801619433198373, 0.016801619433198373, 0.008704453441295543, 0.0006072874493927123, 0.0006072874493927123, 0.0006072874493927123, 0.0006072874493927123, 0.008704453441295543, 0.0006072874493927123, 0.0006072874493927123, 0.0006072874493927123, 0.0006072874493927123, 0.008704453441295543, 0.0006072874493927123, 0.008704453441295543, 0.0006072874493927123;
    ( 1.0 ) 0.13281938325991183, 0.33546255506607914, 0.17687224669603516, 0.053524229074889844, 0.03590308370044051, 0.018281938325991183, 0.018281938325991183, 0.018281938325991183, 0.018281938325991183, 0.009471365638766514, 0.018281938325991183, 0.03590308370044051, 0.009471365638766514, 0.027092511013215848, 0.009471365638766514, 0.027092511013215848, 0.009471365638766514, 0.009471365638766514, 0.027092511013215848, 0.009471365638766514;
    ( 2.0 ) 0.05399999999999998, 0.12511111111111106, 0.3117777777777777, 0.24955555555555545, 0.045111111111111095, 0.045111111111111095, 0.03622222222222221, 0.027333333333333324, 0.009555555555555552, 0.009555555555555552, 0.0006666666666666664, 0.009555555555555552, 0.009555555555555552, 0.027333333333333324, 0.0006666666666666664, 0.009555555555555552, 0.009555555555555552, 0.009555555555555552, 0.0006666666666666664, 0.009555555555555552;
    ( 3.0 ) 0.026394849785407716, 0.11223175965665232, 0.14656652360515016, 0.2667381974248926, 0.18090128755364798, 0.0521459227467811, 0.009227467811158794, 0.03497854077253218, 0.017811158798283256, 0.017811158798283256, 0.0006437768240343345, 0.017811158798283256, 0.009227467811158794, 0.026394849785407716, 0.009227467811158794, 0.017811158798283256, 0.009227467811158794, 0.017811158798283256, 0.017811158798283256, 0.009227467811158794;
    ( 4.0 ) 0.01707818930041152, 0.0582304526748971, 0.09115226337448556, 0.07469135802469133, 0.2804526748971193, 0.22283950617283943, 0.06646090534979421, 0.06646090534979421, 0.025308641975308636, 0.0006172839506172837, 0.01707818930041152, 0.01707818930041152, 0.008847736625514399, 0.008847736625514399, 0.0006172839506172837, 0.008847736625514399, 0.0006172839506172837, 0.01707818930041152, 0.0006172839506172837, 0.01707818930041152;
    ( 5.0 ) 0.009388646288209603, 0.009388646288209603, 0.07052401746724887, 0.08799126637554582, 0.09672489082969428, 0.3063318777292576, 0.21899563318777285, 0.061790393013100416, 0.02685589519650654, 0.04432314410480348, 0.018122270742358074, 0.0006550218340611351, 0.009388646288209603, 0.009388646288209603, 0.009388646288209603, 0.009388646288209603, 0.0006550218340611351, 0.0006550218340611351, 0.009388646288209603, 0.0006550218340611351;
    ( 6.0 ) 0.009999999999999995, 0.009999999999999995, 0.037906976744186034, 0.11232558139534879, 0.056511627906976725, 0.11232558139534879, 0.29837209302325574, 0.20534883720930225, 0.056511627906976725, 0.019302325581395344, 0.019302325581395344, 0.0006976744186046508, 0.009999999999999995, 0.009999999999999995, 0.009999999999999995, 0.009999999999999995, 0.0006976744186046508, 0.009999999999999995, 0.0006976744186046508, 0.009999999999999995;
    ( 7.0 ) 0.009999999999999997, 0.028604651162790692, 0.04720930232558138, 0.019302325581395344, 0.07511627906976742, 0.06581395348837207, 0.0937209302325581, 0.251860465116279, 0.22395348837209295, 0.08441860465116276, 0.03790697674418604, 0.028604651162790692, 0.019302325581395344, 0.000697674418604651, 0.000697674418604651, 0.000697674418604651, 0.009999999999999997, 0.000697674418604651, 0.000697674418604651, 0.000697674418604651;
    ( 8.0 ) 0.0006849315068493147, 0.02808219178082191, 0.0006849315068493147, 0.03721461187214611, 0.0463470319634703, 0.07374429223744289, 0.08287671232876709, 0.0646118721461187, 0.32945205479452044, 0.16506849315068486, 0.07374429223744289, 0.02808219178082191, 0.03721461187214611, 0.01894977168949771, 0.009817351598173511, 0.0006849315068493147, 0.0006849315068493147, 0.0006849315068493147, 0.0006849315068493147, 0.0006849315068493147;
    ( 9.0 ) 0.009071729957805905, 0.0006329113924050631, 0.03438818565400843, 0.02594936708860759, 0.03438818565400843, 0.04282700421940928, 0.03438818565400843, 0.05970464135021096, 0.07658227848101264, 0.431012658227848, 0.1525316455696202, 0.04282700421940928, 0.0006329113924050631, 0.01751054852320675, 0.02594936708860759, 0.0006329113924050631, 0.0006329113924050631, 0.0006329113924050631, 0.0006329113924050631, 0.009071729957805905;
    ( 10.0 ) 0.0006849315068493149, 0.0006849315068493149, 0.0006849315068493149, 0.009817351598173513, 0.028082191780821913, 0.037214611872146114, 0.04634703196347031, 0.037214611872146114, 0.037214611872146114, 0.05547945205479451, 0.44817351598173505, 0.0828767123287671, 0.1376712328767123, 0.037214611872146114, 0.018949771689497713, 0.009817351598173513, 0.0006849315068493149, 0.009817351598173513, 0.0006849315068493149, 0.0006849315068493149;
    ( 11.0 ) 0.0006437768240343346, 0.02639484978540772, 0.009227467811158796, 0.009227467811158796, 0.01781115879828326, 0.009227467811158796, 0.052145922746781107, 0.052145922746781107, 0.06072961373390556, 0.06072961373390556, 0.12081545064377679, 0.40407725321888405, 0.08648068669527895, 0.052145922746781107, 0.02639484978540772, 0.0006437768240343346, 0.009227467811158796, 0.0006437768240343346, 0.0006437768240343346, 0.0006437768240343346;
    ( 12.0 ) 0.0006666666666666664, 0.009555555555555553, 0.0006666666666666664, 0.0006666666666666664, 0.01844444444444444, 0.03622222222222221, 0.01844444444444444, 0.03622222222222221, 0.053999999999999986, 0.053999999999999986, 0.07177777777777776, 0.14288888888888884, 0.35622222222222216, 0.13399999999999995, 0.053999999999999986, 0.009555555555555553, 0.0006666666666666664, 0.0006666666666666664, 0.0006666666666666664, 0.0006666666666666664;
    ( 13.0 ) 0.0006382978723404254, 0.0006382978723404254, 0.0006382978723404254, 0.0006382978723404254, 0.009148936170212764, 0.0006382978723404254, 0.009148936170212764, 0.026170212765957445, 0.026170212765957445, 0.026170212765957445, 0.03468085106382979, 0.0857446808510638, 0.0857446808510638, 0.4261702127659574, 0.1878723404255319, 0.060212765957446804, 0.017659574468085106, 0.0006382978723404254, 0.0006382978723404254, 0.0006382978723404254;
    ( 14.0 ) 0.0006276150627615062, 0.0006276150627615062, 0.0006276150627615062, 0.008995815899581589, 0.0006276150627615062, 0.008995815899581589, 0.008995815899581589, 0.0006276150627615062, 0.008995815899581589, 0.008995815899581589, 0.017364016736401672, 0.06757322175732217, 0.05920502092050209, 0.10104602510460249, 0.46087866108786607, 0.1847280334728033, 0.025732217573221756, 0.025732217573221756, 0.008995815899581589, 0.0006276150627615062;
    ( 15.0 ) 0.0007109004739336491, 0.0007109004739336491, 0.0007109004739336491, 0.010189573459715637, 0.010189573459715637, 0.0007109004739336491, 0.02914691943127962, 0.0007109004739336491, 0.0007109004739336491, 0.0007109004739336491, 0.010189573459715637, 0.0481042654028436, 0.03862559241706161, 0.0481042654028436, 0.11445497630331751, 0.42725118483412317, 0.2092417061611374, 0.03862559241706161, 0.0007109004739336491, 0.010189573459715637;
    ( 16.0 ) 0.0006224066390041493, 0.0006224066390041493, 0.0006224066390041493, 0.0006224066390041493, 0.0006224066390041493, 0.0006224066390041493, 0.0006224066390041493, 0.0006224066390041493, 0.008921161825726139, 0.0006224066390041493, 0.0006224066390041493, 0.033817427385892114, 0.042116182572614104, 0.06701244813278007, 0.07531120331950206, 0.116804979253112, 0.46535269709543564, 0.15829875518672196, 0.025518672199170124, 0.0006224066390041493;
    ( 17.0 ) 0.0006550218340611354, 0.009388646288209606, 0.0006550218340611354, 0.009388646288209606, 0.0006550218340611354, 0.0006550218340611354, 0.009388646288209606, 0.0006550218340611354, 0.0006550218340611354, 0.009388646288209606, 0.01812227074235808, 0.026855895196506552, 0.009388646288209606, 0.0006550218340611354, 0.026855895196506552, 0.044323144104803494, 0.14039301310043667, 0.5508733624454148, 0.12292576419213973, 0.01812227074235808;
    ( 18.0 ) 0.0006072874493927125, 0.0006072874493927125, 0.008704453441295544, 0.0006072874493927125, 0.0006072874493927125, 0.0006072874493927125, 0.0006072874493927125, 0.008704453441295544, 0.0006072874493927125, 0.0006072874493927125, 0.0006072874493927125, 0.0006072874493927125, 0.0006072874493927125, 0.0006072874493927125, 0.008704453441295544, 0.032995951417004045, 0.05728744939271255, 0.13825910931174087, 0.6564777327935222, 0.08157894736842104;
    ( 19.0 ) 0.0006382978723404255, 0.0006382978723404255, 0.0006382978723404255, 0.0006382978723404255, 0.0006382978723404255, 0.0006382978723404255, 0.0006382978723404255, 0.009148936170212766, 0.009148936170212766, 0.0006382978723404255, 0.0006382978723404255, 0.0006382978723404255, 0.0006382978723404255, 0.0006382978723404255, 0.0006382978723404255, 0.0006382978723404255, 0.0006382978723404255, 0.017659574468085106, 0.1027659574468085, 0.8517021276595745;

}
probability ( X12 | X1 ) {
    ( 0.0 ) 0.6048936170212763, 0.24744680851063816, 0.051702127659574444, 0.03468085106382977, 0.00914893617021276, 0.0176595744680851, 0.00914893617021276, 0.0006382978723404252, 0.0176595744680851, 0.0006382978723404252, 0.0006382978723404252, 0.0006382978723404252, 0.0006382978723404252, 0.0006382978723404252, 0.0006382978723404252, 0.0006382978723404252, 0.0006382978723404252, 0.0006382978723404252, 0.0006382978723404252, 0.0006382978723404252;
    ( 1.0 ) 0.21591928251121065, 0.49394618834080695, 0.08139013452914794, 0.07242152466367709, 0.03654708520179371, 0.027578475336322857, 0.03654708520179371, 0.00964125560538116, 0.00964125560538116, 0.0006726457399103135, 0.0006726457399103135, 0.0006726457399103135, 0.0006726457399103135, 0.00964125560538116, 0.0006726457399103135, 0.0006726457399103135, 0.0006726457399103135, 0.0006726457399103135, 0.0006726457399103135, 0.0006726457399103135;
    ( 2.0 ) 0.053056768558951944, 0.2015283842794759, 0.4548034934497815, 0.09672489082969428, 0.04432314410480348, 0.03558951965065501, 0.053056768558951944, 0.02685589519650654, 0.009388646288209603, 0.018122270742358074, 0.0006550218340611351, 0.0006550218340611351, 0.0006550218340611351, 0.0006550218340611351, 0.0006550218340611351, 0.0006550218340611351, 0.0006550218340611351, 0.0006550218340611351, 0.0006550218340611351, 0.0006550218340611351;
    ( 3.0 ) 0.04282700421940926, 0.04282700421940926, 0.23691983122362859, 0.32974683544303784, 0.14409282700421933, 0.10189873417721514, 0.009071729957805903, 0.034388185654008425, 0.04282700421940926, 0.009071729957805903, 0.000632911392405063, 0.000632911392405063, 0.000632911392405063, 0.000632911392405063, 0.000632911392405063, 0.000632911392405063, 0.000632911392405063, 0.000632911392405063, 0.000632911392405063, 0.000632911392405063;
    ( 4.0 ) 0.03687782805429863, 0.01877828054298642, 0.11832579185520357, 0.22692307692307684, 0.326470588235294, 0.05497737556561084, 0.08212669683257914, 0.07307692307692304, 0.01877828054298642, 0.009728506787330313, 0.009728506787330313, 0.0006787330316742079, 0.009728506787330313, 0.009728506787330313, 0.0006787330316742079, 0.0006787330316742079, 0.0006787330316742079, 0.0006787330316742079, 0.0006787330316742079, 0.0006787330316742079;
    ( 5.0 ) 0.009307359307359304, 0.0006493506493506491, 0.009307359307359304, 0.13051948051948045, 0.22575757575757566, 0.19112554112554106, 0.16515151515151508, 0.07857142857142854, 0.07857142857142854, 0.026623376623376615, 0.03528138528138527, 0.01796536796536796, 0.0006493506493506491, 0.01796536796536796, 0.009307359307359304, 0.0006493506493506491, 0.0006493506493506491, 0.0006493506493506491, 0.0006493506493506491, 0.0006493506493506491;
    ( 6.0 ) 0.009471365638766516, 0.00066079295154185, 0.018281938325991183, 0.04471365638766518, 0.1151982378854625, 0.17687224669603516, 0.21211453744493383, 0.1416299559471365, 0.1416299559471365, 0.05352422907488985, 0.018281938325991183, 0.02709251101321585, 0.009471365638766516, 0.00066079295154185, 0.00066079295154185, 0.009471365638766516, 0.00066079295154185, 0.009471365638766516, 0.00066079295154185, 0.009471365638766516;
    ( 7.0 ) 0.018949771689497713, 0.0006849315068493149, 0.0006849315068493149, 0.018949771689497713, 0.0737442922374429, 0.1468036529680365, 0.1742009132420091, 0.22899543378995427, 0.1376712328767123, 0.0737442922374429, 0.037214611872146114, 0.018949771689497713, 0.028082191780821913, 0.028082191780821913, 0.0006849315068493149, 0.0006849315068493149, 0.009817351598173513, 0.0006849315068493149, 0.0006849315068493149, 0.0006849315068493149;
    ( 8.0 ) 0.009148936170212764, 0.0006382978723404254, 0.0006382978723404254, 0.009148936170212764, 0.009148936170212764, 0.06872340425531913, 0.11127659574468082, 0.11127659574468082, 0.17936170212765953, 0.16234042553191486, 0.13680851063829783, 0.11978723404255316, 0.009148936170212764, 0.05170212765957446, 0.009148936170212764, 0.0006382978723404254, 0.009148936170212764, 0.0006382978723404254, 0.0006382978723404254, 0.0006382978723404254;
    ( 9.0 ) 0.0006849315068493149, 0.0006849315068493149, 0.018949771689497713, 0.018949771689497713, 0.018949771689497713, 0.0646118721461187, 0.09200913242009129, 0.0646118721461187, 0.19246575342465747, 0.10114155251141549, 0.1376712328767123, 0.09200913242009129, 0.0646118721461187, 0.0737442922374429, 0.009817351598173513, 0.018949771689497713, 0.0006849315068493149, 0.009817351598173513, 0.018949771689497713, 0.0006849315068493149;
